00000
00000
00000
00000
00000
00000
00000
00100
01101
10101
10101
10101
10101
10101
10101
10101
10101
10101
10101
11101
11101
10101
10101
10101
10101
10101
10101
10101
10101
10101
10101
11001
10000
00000
00000
00000
00000
00000
00000
00000
00000
00000
00000
00000
00000
00000
00000
00100
01011
10010
01010
01010
01010
00010
01010
01010
01010
01010
00110
01111
11011
10010
01010
01010
01010
01010
00010
01010
01010
01010
00110
01011
10000
00000
00000
00000
00000
00000
00000
00000
00000
00000
00000
00000
00000
00000
00000
00100
01011
10100
00101
10101
10001
10100
01101
11101
11101
11001
10100
01111
11011
10100
01101
11101
11101
11001
10100
00101
10101
10001
10100
01011
10000
00000
00000
00000
00000
00000
00000
00000
00000
00000
00000
00000
00000
00000
00000
00100
01011
11000
01010
01010
01010
00100
00111
10111
11111
11011
10100
00111
10011
10100
01111
11111
10111
10011
10000
01010
01010
01010
01100
01011
10000
00000
00000
00000
00000
00000
00000
00000
00000
00000
00000
00000
00000
00000
00000
00100
01111
10101
10101
10101
10001
10000
01010
00110
01111
11011
10000
01010
01010
00100
01111
11011
10010
01010
00100
00101
10101
10101
10101
11011
10000
00000
00000
00000
00000
00000
00000
00000
00000
00000
00000
00000
00000
00000
00000
00100
01011
10010
01010
01010
01010
00100
01001
10100
01111
11011
10100
01101
11001
10100
01111
11011
10100
01001
10000
01010
01010
01010
01110
01011
10000
00000
00000
00000
00000
00000
00000
00000
00000
00000
00000
00000
00000
00000
00000
00100
01011
10100
00101
10101
10001
10100
00011
10100
00111
10011
10100
01111
11011
10100
00111
10011
10100
00011
10100
00101
10101
10101
10101
11011
10000
00000
00000
00000
00000
00000
00000
00000
00000
00000
00000
00000
00000
00000
00000
00100
01011
10000
01010
01010
01010
00000
01010
01000
01010
01010
00100
00111
10011
10000
01010
01010
01000
01010
00000
01010
01010
01010
00110
01011
10000
00000
00000
00000
00000
00000
00000
00000
00000
00000
00000
00000
00000
00000
00000
00100
01011
10100
00101
10101
11001
10100
01101
10101
10101
10001
10000
01010
01010
00100
00101
10101
10101
11001
10100
01101
10101
10001
10100
01011
10000
00000
00000
00000
00000
00000
00000
00000
00000
00000
00000
00000
00000
00000
00000
00100
01011
10000
01010
00110
01011
10100
01011
10010
01010
01010
00100
01101
11001
10000
01010
01010
00110
01011
10100
01011
10010
01010
00100
01011
10000
00000
00000
00000
00000
00000
00000
00000
00000
00000
00000
00000
00000
00000
00000
00100
01011
10100
00001
10100
00011
10100
01011
10100
01101
11001
10100
01111
11011
10100
01101
11001
10100
01011
10100
00011
10100
00001
10100
01011
10000
00000
00000
00000
00000
00000
00000
00000
00000
00000
00000
00000
00000
00000
00000
00100
01011
10000
01010
01000
01010
00100
00011
10100
00111
10011
10100
01111
11011
10100
00111
10011
10100
00011
10000
01010
01000
01010
00100
01011
10000
00000
00000
00000
00000
00000
00000
00000
00000
00000
00000
00000
00000
00000
00000
00100
01011
10100
01101
11101
11001
10000
01010
00000
01010
01010
01100
01111
11011
11000
01010
01010
00000
01010
00100
01101
11101
11001
10100
01011
10000
00000
00000
00000
00000
00000
00000
00000
00000
00000
00000
00000
00000
00000
00000
00100
01011
10100
00111
11111
11011
10100
01001
10100
01101
11101
11101
11111
11111
11101
11101
11001
10100
01001
10100
01111
11111
10011
10100
01011
10000
00000
00000
00000
00000
00000
00000
00000
00000
00000
00000
00000
00000
00000
00000
00100
01011
11000
00110
01111
11011
10100
00011
10100
00111
10111
10111
10111
10111
10111
10111
10011
10100
00011
10100
01111
11011
10010
01100
01011
10000
00000
00000
00000
00000
00000
00000
00000
00000
00000
00000
00000
00000
00000
00000
00100
01111
11001
10100
01111
11011
10000
01010
00000
01010
01010
01010
00010
00010
01010
01010
01010
00000
01010
00100
01111
11011
10100
01101
11011
10000
00000
00000
00000
00000
00000
00000
00000
00000
00000
00000
00000
00000
00000
00000
00100
01111
11011
10100
01111
11011
10100
01001
10100
01101
10101
10001
10000
00100
00101
10101
11001
10100
01001
10100
01111
11011
10100
01111
11011
10000
00000
00000
00000
00000
00000
00000
00000
00000
00000
00000
00000
00000
00000
00000
00100
01111
11011
10100
00111
10011
10100
01011
10100
01011
10010
00010
00000
00000
00010
00110
01011
10100
01011
10100
00111
10011
10100
01111
11011
10000
00000
00000
00000
00000
00000
00000
00000
00000
00000
00000
00000
00000
00000
00000
00100
01111
11011
10000
01010
01010
01100
01011
10100
01011
11000
01000
01000
01000
01000
01100
01011
10100
01011
11000
01010
01010
00100
01111
11011
10000
00000
00000
00000
00000
00000
00000
00000
00000
00000
00000
00000
00000
00000
00000
00100
01111
10011
10100
00101
10101
10101
10011
10100
00111
10101
10101
10101
10101
10101
10101
10011
10100
00111
10101
10101
10001
10100
00111
11011
10000
00000
00000
00000
00000
00000
00000
00000
00000
00000
00000
00000
00000
00000
00000
00100
01011
10010
01000
01010
01010
00010
01010
00000
01010
01010
01010
01010
01010
01010
01010
01010
00000
01010
00010
01010
01010
01000
00110
01011
10000
00000
00000
00000
00000
00000
00000
00000
00000
00000
00000
00000
00000
00000
00000
00100
01011
10100
01101
10101
10001
10100
01001
10100
00101
10101
10101
11101
11101
10101
10101
10001
10100
01001
10100
00101
10101
11001
10100
01011
10000
00000
00000
00000
00000
00000
00000
00000
00000
00000
00000
00000
00000
00000
00000
00100
01011
10100
01011
10010
01010
01100
01011
11000
01010
01010
00110
01111
11011
10010
01010
01010
01100
01011
11000
01010
00110
01011
10100
01011
10000
00000
00000
00000
00000
00000
00000
00000
00000
00000
00000
00000
00000
00000
00000
00100
01011
10100
00011
10100
00101
10101
10111
10101
10101
10001
10100
00111
10011
10100
00101
10101
10101
10111
10101
10001
10100
00011
10100
01011
10000
00000
00000
00000
00000
00000
00000
00000
00000
00000
00000
00000
00000
00000
00000
00100
01011
11000
01010
01000
01010
01010
00010
01010
00010
01010
01000
01010
01010
01000
01010
00010
01010
00010
01010
01010
01000
01010
01100
01011
10000
00000
00000
00000
00000
00000
00000
00000
00000
00000
00000
00000
00000
00000
00000
00100
01111
10101
10101
10101
10101
10001
10100
01001
10100
00101
10101
11101
11101
10101
10001
10100
01001
10100
00101
10101
10101
10101
10101
11011
10000
00000
00000
00000
00000
00000
00000
00000
00000
00000
00000
00000
00000
00000
00000
00100
01011
10010
01010
01010
01010
01010
01100
01011
11000
01010
00110
01111
11011
10010
01010
01100
01011
11000
01010
01010
01010
01010
00110
01011
10000
00000
00000
00000
00000
00000
00000
00000
00000
00000
00000
00000
00000
00000
00000
00100
01011
10100
00101
10101
10101
10101
10101
10111
10101
10001
10100
01111
11011
10100
00101
10101
10111
10101
10101
10101
10101
10001
10100
01011
10000
00000
00000
00000
00000
00000
00000
00000
00000
00000
00000
00000
00000
00000
00000
00100
01011
11000
01010
01010
01010
01010
01010
01010
01010
01010
01100
01111
11011
11000
01010
01010
01010
01010
01010
01010
01010
01010
01100
01011
10000
00000
00000
00000
00000
00000
00000
00000
00000
00000
00000
00000
00000
00000
00000
00100
00111
10101
10101
10101
10101
10101
10101
10101
10101
10101
10101
10111
10111
10101
10101
10101
10101
10101
10101
10101
10101
10101
10101
10011
10000
00000
00000
00000
00000
00000
00000
00000
